//测试^，√，π，sin，cos，tan，asin，acos，atan
a=4^5;b=√9;c=[3]√8;c2=3√4;d=sin(π/6)
e=cos(π);f=tan(π/4);g=asin(1);h=acos(0.5);i=atan(√3)
/*
a=1024.0
b=3.0
c=2.0
c2=6.0
d=0.49999999999999994
e=-1.0
f=0.9999999999999999
g=1.5707963267948966
h=1.0471975511965979
i=1.0471975511965976
*/
