a=1024.0
b=3.0
c=2.0
c2=6.0
d=0.49999999999999994
e=-1.0
f=0.9999999999999999
g=1.5707963267948966
h=1.0471975511965979
i=1.0471975511965976
