a=10.0
b=-3.0
c=8.999999999999998
d=3.0000000000000004
e=120.0
f=48.0
g=11.0
h=70.0
