//测试lb，ln，E，lg，log，!，!!，公因数yy，公倍数bb
a=lb(1024);b=ln(E^-3);c=lg(1e9);d=log[6](216)
e=5!;f=6!!;g=yy(55,132);h=bb(14,35)
/*
a=10.0
b=-3.0
c=8.999999999999998
d=3.0000000000000004
e=120.0
f=48.0
g=11.0
h=70.0
*/
