a[1]=7.000000016100533
a[2]=38.000000032201065
a[3]=111.00000004830159
b=45.00000201256662
c=-9.000000000000004
i=4.0
